100 5
110 6
120 3
130 6
140 3
150 5
160 3
170 6
180 6
190 7
200 5
210 4
220 5
230 3
240 4
250 5
260 6
270 7
280 4
290 5
300 6
310 6
320 3
330 6
340 7
350 7
360 3
370 8
380 7
390 8
400 3
410 7
420 5
430 7
440 6
450 3
460 4
470 4
480 3
490 8
500 6
510 8
520 4
530 7
540 3
550 7
560 5
570 8
580 6
590 8
600 3
610 8
620 7
630 7
640 4
650 8
660 7
670 8
680 6
690 8
700 8
710 9
720 4
730 9
740 8
750 8
760 7
770 3
780 8
790 9
800 4
810 9
820 8
830 5
840 6
850 9
860 8
870 8
880 3
890 8
900 4
910 8
920 5
930 8
940 5
950 8
960 4
970 8
980 3
990 8
1000 7
1010 9
1020 8
1030 6
1040 5
1050 7
1060 8
1070 9
1080 4
1090 8
1100 8
1110 9
1120 3
1130 9
1140 8
1150 8
1160 7
1170 9
1180 7
1190 9
1200 4
1210 9
1220 8
1230 7
1240 7
1250 8
1260 8
1270 6
1280 5
1290 9
1300 9
1310 8
1320 8
1330 9
1340 9
1350 5
1360 7
1370 9
1380 9
1390 8
1400 8
1410 9
1420 9
1430 10
1440 5
1450 10
1460 8
1470 10
1480 8
1490 5
1500 9
1510 9
1520 8
1530 10
1540 8
1550 10
1560 8
1570 9
1580 9
1590 6
1600 8
1610 10
1620 6
1630 9
1640 5
1650 8
1660 8
1670 10
1680 8
1690 9
1700 9
1710 10
1720 8
1730 6
1740 9
1750 9
1760 8
1770 10
1780 9
1790 8
1800 8
1810 10
1820 9
1830 9
1840 8
1850 10
1860 9
1870 6
1880 8
1890 10
1900 9
1910 9
1920 8
1930 10
1940 9
1950 8
1960 8
1970 10
1980 9
1990 10
2000 8
2010 9
2020 9
2030 10
2040 8
2050 5
2060 8
2070 10
2080 8
2090 9
2100 5
2110 9
2120 6
2130 10
2140 8
2150 8
2160 8
2170 10
2180 9
2190 10
2200 8
2210 9
2220 9
2230 10
2240 8
2250 7
2260 8
2270 4
2280 7
2290 10
2300 9
2310 9
2320 8
2330 9
2340 9
2350 10
2360 7
2370 10
2380 8
2390 8
2400 8
2410 10
2420 9
2430 10
2440 8
2450 9
2460 5
2470 9
2480 8
2490 10
2500 9
2510 7
2520 8
2530 6
2540 8
2550 10
2560 9
2570 11
2580 10
2590 10
2600 9
2610 10
2620 8
2630 11
2640 9
2650 11
2660 10
2670 9
2680 9
2690 9
2700 9
2710 11
2720 9
2730 11
2740 10
2750 10
2760 9
2770 10
2780 7
2790 10
2800 9
2810 11
2820 10
2830 11
2840 9
2850 8
2860 9
2870 6
2880 9
2890 11
2900 10
2910 11
2920 8
2930 11
2940 8
2950 10
2960 9
2970 10
2980 6
2990 11
3000 8
3010 11
3020 10
3030 11
3040 9
3050 9
3060 9
3070 9
3080 9
3090 9
3100 10
3110 11
3120 9
3130 11
3140 10
3150 10
3160 9
3170 10
3180 7
3190 10
3200 9
3210 11
3220 10
3230 11
3240 7
3250 11
3260 10
3270 8
3280 9
3290 7
3300 9
3310 8
3320 9
3330 11
3340 10
3350 11
3360 9
3370 11
3380 10
3390 11
3400 9
3410 10
3420 8
3430 10
3440 9
3450 10
3460 7
3470 11
3480 8
3490 11
3500 10
3510 11
3520 9
3530 11
3540 9
3550 9
3560 9
3570 9
3580 9
3590 9
3600 9
3610 11
3620 10
3630 11
3640 7
3650 11
3660 10
3670 11
3680 9
3690 10
3700 8
3710 10
3720 9
3730 10
3740 7
3750 10
3760 9
3770 11
3780 10
3790 11
3800 8
3810 11
3820 10
3830 11
3840 9
3850 8
3860 9
3870 6
3880 9
3890 8
3900 9
3910 7
3920 9
3930 8
3940 10
3950 11
3960 6
3970 11
3980 10
3990 11
4000 9
4010 11
4020 10
4030 10
4040 9
4050 10
4060 8
4070 10
4080 9
4090 10
4100 6
4110 10
4120 9
4130 11
4140 10
4150 11
4160 9
4170 11
4180 10
4190 11
4200 6
4210 11
4220 10
4230 9
4240 9
4250 9
4260 9
4270 9
4280 9
4290 9
4300 9
4310 9
4320 9
4330 11
4340 10
4350 11
4360 8
4370 11
4380 10
4390 11
4400 9
4410 11
4420 10
4430 11
4440 9
4450 10
4460 7
4470 10
4480 9
4490 10
4500 8
4510 10
4520 9
4530 10
4540 5
4550 10
4560 9
4570 11
4580 10
4590 11
4600 8
4610 11
4620 10
4630 11
4640 9
4650 11
4660 10
4670 11
4680 9
4690 7
4700 9
4710 8
4720 9
4730 6
4740 9
4750 8
4760 9
4770 7
4780 9
4790 8
4800 9
4810 11
4820 10
4830 11
4840 8
4850 11
4860 10
4870 11
4880 9
4890 11
4900 10
4910 11
4920 6
4930 11
4940 10
4950 10
4960 9
4970 10
4980 4
4990 10
5000 9
5010 10
5020 8
5030 10
5040 9
5050 10
5060 7
5070 10
5080 9
5090 10
5100 10
5110 11
5120 10
5130 12
5140 11
5150 12
5160 7
5170 12
5180 11
5190 12
5200 10
5210 12
5220 11
5230 12
5240 9
5250 10
5260 10
5270 10
5280 10
5290 10
5300 10
5310 10
5320 10
5330 10
5340 10
5350 10
5360 10
5370 10
5380 10
5390 10
5400 10
5410 10
5420 11
5430 12
5440 10
5450 12
5460 11
5470 12
5480 9
5490 12
5500 11
5510 12
5520 10
5530 12
5540 11
5550 12
5560 8
5570 12
5580 11
5590 11
5600 10
5610 11
5620 9
5630 11
5640 10
5650 11
5660 8
5670 11
5680 10
5690 11
5700 9
5710 11
5720 10
5730 11
5740 7
5750 11
5760 10
5770 11
5780 11
5790 12
5800 8
5810 12
5820 11
5830 12
5840 10
5850 12
5860 11
5870 12
5880 9
5890 12
5900 11
5910 12
5920 10
5930 12
5940 11
5950 12
5960 7
5970 12
5980 10
5990 7
6000 10
6010 9
6020 10
6030 8
6040 10
6050 9
6060 10
6070 6
6080 10
6090 9
6100 10
6110 8
6120 10
6130 9
6140 10
6150 7
6160 10
6170 9
6180 10
6190 12
6200 6
6210 12
6220 11
6230 12
6240 10
6250 12
6260 11
6270 12
6280 9
6290 12
6300 11
6310 12
6320 10
6330 12
6340 11
6350 12
6360 8
6370 12
6380 11
6390 12
6400 10
6410 12
6420 8
6430 11
6440 10
6450 11
6460 9
6470 11
6480 10
6490 11
6500 7
6510 11
6520 10
6530 11
6540 9
6550 11
6560 10
6570 11
6580 8
6590 11
6600 10
6610 11
6620 9
6630 11
6640 10
6650 11
6660 11
6670 12
6680 9
6690 12
6700 11
6710 12
6720 10
6730 12
6740 11
6750 12
6760 7
6770 12
6780 11
6790 12
6800 10
6810 12
6820 11
6830 12
6840 9
6850 12
6860 11
6870 12
6880 10
6890 12
6900 11
6910 12
6920 8
6930 10
6940 10
6950 10
6960 10
6970 10
6980 10
6990 10
7000 10
7010 10
7020 10
7030 10
7040 10
7050 10
7060 10
7070 10
7080 10
7090 10
7100 10
7110 10
7120 10
7130 10
7140 10
7150 10
7160 10
7170 10
7180 10
7190 10
7200 10
7210 10
7220 11
7230 12
7240 9
7250 12
7260 11
7270 12
7280 10
7290 12
7300 11
7310 12
7320 7
7330 12
7340 11
7350 12
7360 10
7370 12
7380 11
7390 12
7400 9
7410 12
7420 11
7430 12
7440 10
7450 12
7460 11
7470 12
7480 8
7490 12
7500 11
7510 12
7520 10
7530 11
7540 9
7550 11
7560 10
7570 11
7580 5
7590 11
7600 10
7610 11
7620 9
7630 11
7640 10
7650 11
7660 8
7670 11
7680 10
7690 11
7700 9
7710 11
7720 10
7730 11
7740 7
7750 11
7760 10
7770 11
7780 12
7790 12
7800 12
7810 12
7820 12
7830 12
7840 12
7850 12
7860 12
7870 12
7880 12
7890 11
7900 12
7910 10
7920 12
7930 11
7940 12
7950 8
7960 12
7970 11
7980 12
7990 10
8000 12
8010 11
8020 12
8030 9
8040 12
8050 11
8060 12
8070 10
8080 12
8090 11
8100 12
8110 7
8120 12
8130 11
8140 12
8150 10
8160 12
8170 11
8180 12
8190 9
8200 12
8210 11
8220 12
8230 10
8240 12
8250 12
8260 12
8270 12
8280 12
8290 12
8300 12
8310 12
8320 12
8330 12
8340 12
8350 12
8360 12
8370 12
8380 12
8390 12
8400 12
8410 12
8420 12
8430 12
8440 12
8450 12
8460 12
8470 12
8480 12
8490 12
8500 12
8510 12
8520 12
8530 12
8540 12
8550 12
8560 12
8570 12
8580 12
8590 12
8600 12
8610 12
8620 12
8630 12
8640 12
8650 12
8660 12
8670 11
8680 12
8690 9
8700 12
8710 11
8720 12
8730 10
8740 12
8750 11
8760 12
8770 8
8780 12
8790 11
8800 12
8810 10
8820 12
8830 11
8840 12
8850 9
8860 12
8870 11
8880 12
8890 10
8900 12
8910 11
8920 12
8930 7
8940 12
8950 11
8960 12
8970 10
8980 12
8990 11
9000 12
9010 9
9020 12
9030 11
9040 12
9050 10
9060 12
9070 11
9080 12
9090 8
9100 12
9110 11
9120 12
9130 12
9140 12
9150 12
9160 12
9170 12
9180 12
9190 12
9200 12
9210 12
9220 12
9230 12
9240 12
9250 12
9260 12
9270 12
9280 12
9290 12
9300 12
9310 12
9320 12
9330 12
9340 12
9350 12
9360 12
9370 12
9380 12
9390 12
9400 12
9410 12
9420 12
9430 12
9440 12
9450 12
9460 12
9470 12
9480 12
9490 12
9500 12
9510 12
9520 12
9530 12
9540 12
9550 12
9560 12
9570 12
9580 12
9590 12
9600 12
9610 12
9620 12
9630 10
9640 12
9650 11
9660 12
9670 8
9680 12
9690 11
9700 12
9710 10
9720 12
9730 11
9740 12
9750 9
9760 12
9770 11
9780 12
9790 10
9800 12
9810 11
9820 12
9830 7
9840 12
9850 11
9860 12
9870 10
9880 12
9890 11
9900 12
9910 9
9920 12
9930 11
9940 12
9950 10
9960 12
9970 11
9980 12
9990 8
10000 12
